{
    "accuracy": 0.9473299195318216,
    "precision": 0.8831168831168831,
    "recall": 0.7157894736842105,
    "auc": 0.9360796851942942
}